iDigi, layerId, moduleId, iSector, secCol, secRow, digiAddress
19708,3,1,1,6,9,101876021
19816,3,1,1,6,10,102007093
19888,3,1,1,6,11,102138165
22644,3,1,1,7,9,118653237
22749,3,1,1,7,10,118784309
22818,3,1,1,7,11,118915381
25697,3,1,1,8,9,135430453
25805,3,1,1,8,10,135561525
25875,3,1,1,8,11,135692597
28781,3,1,1,9,9,152207669
28892,3,1,1,9,10,152338741
28964,3,1,1,9,11,152469813
31810,3,1,1,10,9,168984885
31916,3,1,1,10,10,169115957
31984,3,1,1,10,11,169247029
34861,3,1,1,11,9,185762101
34966,3,1,1,11,10,185893173
35034,3,1,1,11,11,186024245
37875,3,1,1,12,9,202539317
37973,3,1,1,12,10,202670389
38036,3,1,1,12,11,202801461
40906,3,1,1,13,9,219316533
41003,3,1,1,13,10,219447605
41068,3,1,1,13,11,219578677
102580,3,1,1,34,4,570982709
102735,3,1,1,34,5,571113781
102895,3,1,1,34,6,571244853
103055,3,1,1,34,7,571375925
103195,3,1,1,34,8,571506997
103312,3,1,1,34,9,571638069
103417,3,1,1,34,10,571769141
105525,3,1,1,35,4,587759925
105683,3,1,1,35,5,587890997
105846,3,1,1,35,6,588022069
106007,3,1,1,35,7,588153141
106145,3,1,1,35,8,588284213
106260,3,1,1,35,9,588415285
106366,3,1,1,35,10,588546357
108445,3,1,1,36,4,604537141
108598,3,1,1,36,5,604668213
108752,3,1,1,36,6,604799285
108905,3,1,1,36,7,604930357
109037,3,1,1,36,8,605061429
109151,3,1,1,36,9,605192501
109257,3,1,1,36,10,605323573
111361,3,1,1,37,4,621314357
111512,3,1,1,37,5,621445429
111661,3,1,1,37,6,621576501
111813,3,1,1,37,7,621707573
111942,3,1,1,37,8,621838645
112058,3,1,1,37,9,621969717
112162,3,1,1,37,10,622100789
114263,3,1,1,38,4,638091573
114420,3,1,1,38,5,638222645
114574,3,1,1,38,6,638353717
114731,3,1,1,38,7,638484789
114869,3,1,1,38,8,638615861
114985,3,1,1,38,9,638746933
115082,3,1,1,38,10,638878005
117157,3,1,1,39,4,654868789
117311,3,1,1,39,5,654999861
117464,3,1,1,39,6,655130933
117618,3,1,1,39,7,655262005
117756,3,1,1,39,8,655393077
117868,3,1,1,39,9,655524149
117959,3,1,1,39,10,655655221
120010,3,1,1,40,4,671646005
120160,3,1,1,40,5,671777077
120304,3,1,1,40,6,671908149
120448,3,1,1,40,7,672039221
120581,3,1,1,40,8,672170293
120692,3,1,1,40,9,672301365
120780,3,1,1,40,10,672432437
126149,3,1,1,42,7,705593653
126281,3,1,1,42,8,705724725
126395,3,1,1,42,9,705855797
126482,3,1,1,42,10,705986869
126541,3,1,1,42,11,706117941
128967,3,1,1,43,7,722370869
129099,3,1,1,43,8,722501941
129209,3,1,1,43,9,722633013
129292,3,1,1,43,10,722764085
129353,3,1,1,43,11,722895157
131800,3,1,1,44,7,739148085
131935,3,1,1,44,8,739279157
132046,3,1,1,44,9,739410229
132134,3,1,1,44,10,739541301
132194,3,1,1,44,11,739672373
134699,3,1,1,45,7,755925301
134829,3,1,1,45,8,756056373
134942,3,1,1,45,9,756187445
135035,3,1,1,45,10,756318517
135099,3,1,1,45,11,756449589
137630,3,1,1,46,7,772702517
137761,3,1,1,46,8,772833589
137870,3,1,1,46,9,772964661
137962,3,1,1,46,10,773095733
138025,3,1,1,46,11,773226805
140581,3,1,1,47,7,789479733
140710,3,1,1,47,8,789610805
140816,3,1,1,47,9,789741877
140906,3,1,1,47,10,789872949
140965,3,1,1,47,11,790004021
143577,3,1,1,48,7,806256949
143706,3,1,1,48,8,806388021
143814,3,1,1,48,9,806519093
143906,3,1,1,48,10,806650165
143965,3,1,1,48,11,806781237
144162,3,1,1,49,0,822116661
144855,3,1,1,49,1,822247733
145416,3,1,1,49,2,822378805
146581,3,1,1,49,7,823034165
146715,3,1,1,49,8,823165237
146824,3,1,1,49,9,823296309
146916,3,1,1,49,10,823427381
146974,3,1,1,49,11,823558453
147164,3,1,1,50,0,838893877
147846,3,1,1,50,1,839024949
148402,3,1,1,50,2,839156021
149655,3,1,1,50,8,839942453
149756,3,1,1,50,9,840073525
149845,3,1,1,50,10,840204597
149901,3,1,1,50,11,840335669
150093,3,1,1,51,0,855671093
150779,3,1,1,51,1,855802165
151348,3,1,1,51,2,855933237
152619,3,1,1,51,8,856719669
152722,3,1,1,51,9,856850741
152813,3,1,1,51,10,856981813
152871,3,1,1,51,11,857112885
153062,3,1,1,52,0,872448309
153741,3,1,1,52,1,872579381
154299,3,1,1,52,2,872710453
155530,3,1,1,52,8,873496885
155633,3,1,1,52,9,873627957
155722,3,1,1,52,10,873759029
155780,3,1,1,52,11,873890101
155974,3,1,1,53,0,889225525
156663,3,1,1,53,1,889356597
157228,3,1,1,53,2,889487669
158483,3,1,1,53,8,890274101
158589,3,1,1,53,9,890405173
158685,3,1,1,53,10,890536245
158748,3,1,1,53,11,890667317
158940,3,1,1,54,0,906002741
159618,3,1,1,54,1,906133813
160171,3,1,1,54,2,906264885
160530,3,1,1,54,3,906395957
160846,3,1,1,54,4,906527029
160991,3,1,1,54,5,906658101
161136,3,1,1,54,6,906789173
161279,3,1,1,54,7,906920245
161406,3,1,1,54,8,907051317
161517,3,1,1,54,9,907182389
161619,3,1,1,54,10,907313461
161688,3,1,1,54,11,907444533
161882,3,1,1,55,0,922779957
162559,3,1,1,55,1,922911029
163120,3,1,1,55,2,923042101
163484,3,1,1,55,3,923173173
163807,3,1,1,55,4,923304245
163961,3,1,1,55,5,923435317
164108,3,1,1,55,6,923566389
164250,3,1,1,55,7,923697461
164377,3,1,1,55,8,923828533
164485,3,1,1,55,9,923959605
164585,3,1,1,55,10,924090677
164650,3,1,1,55,11,924221749
164840,3,1,1,56,0,939557173
166030,3,1,1,56,2,939819317
166385,3,1,1,56,3,939950389
166702,3,1,1,56,4,940081461
166853,3,1,1,56,5,940212533
166995,3,1,1,56,6,940343605
167132,3,1,1,56,7,940474677
167255,3,1,1,56,8,940605749
167360,3,1,1,56,9,940736821
167457,3,1,1,56,10,940867893
167526,3,1,1,56,11,940998965
167729,3,1,1,57,0,956334389
168383,3,1,1,57,1,956465461
168913,3,1,1,57,2,956596533
169264,3,1,1,57,3,956727605
169577,3,1,1,57,4,956858677
169736,3,1,1,57,5,956989749
169884,3,1,1,57,6,957120821
170027,3,1,1,57,7,957251893
170161,3,1,1,57,8,957382965
170660,3,1,1,58,0,973111605
171291,3,1,1,58,1,973242677
171808,3,1,1,58,2,973373749
172155,3,1,1,58,3,973504821
172467,3,1,1,58,4,973635893
172621,3,1,1,58,5,973766965
172767,3,1,1,58,6,973898037
172907,3,1,1,58,7,974029109
173036,3,1,1,58,8,974160181
173535,3,1,1,59,0,989888821
174183,3,1,1,59,1,990019893
174709,3,1,1,59,2,990150965
175067,3,1,1,59,3,990282037
175387,3,1,1,59,4,990413109
175548,3,1,1,59,5,990544181
175702,3,1,1,59,6,990675253
175847,3,1,1,59,7,990806325
175984,3,1,1,59,8,990937397
176483,3,1,1,60,0,1006666037
177152,3,1,1,60,1,1006797109
177699,3,1,1,60,2,1006928181
178055,3,1,1,60,3,1007059253
178369,3,1,1,60,4,1007190325
178528,3,1,1,60,5,1007321397
178683,3,1,1,60,6,1007452469
178837,3,1,1,60,7,1007583541
178978,3,1,1,60,8,1007714613
179486,3,1,1,61,0,1023443253
180141,3,1,1,61,1,1023574325
180683,3,1,1,61,2,1023705397
181042,3,1,1,61,3,1023836469
182489,3,1,1,62,0,1040220469
183167,3,1,1,62,1,1040351541
183716,3,1,1,62,2,1040482613
184073,3,1,1,62,3,1040613685
184382,3,1,1,62,4,1040744757
184545,3,1,1,62,5,1040875829
184705,3,1,1,62,6,1041006901
185532,3,1,1,63,0,1056997685
186187,3,1,1,63,1,1057128757
186718,3,1,1,63,2,1057259829
187077,3,1,1,63,3,1057390901
187386,3,1,1,63,4,1057521973
187539,3,1,1,63,5,1057653045
187691,3,1,1,63,6,1057784117
188504,3,1,1,64,0,1073774901
189168,3,1,1,64,1,1073905973
189699,3,1,1,64,2,1074037045
190054,3,1,1,64,3,1074168117
190362,3,1,1,64,4,1074299189
190516,3,1,1,64,5,1074430261
190667,3,1,1,64,6,1074561333
191488,3,1,1,65,0,1090552117
192162,3,1,1,65,1,1090683189
192699,3,1,1,65,2,1090814261
193052,3,1,1,65,3,1090945333
193353,3,1,1,65,4,1091076405
193504,3,1,1,65,5,1091207477
193650,3,1,1,65,6,1091338549
194458,3,1,1,66,0,1107329333
195117,3,1,1,66,1,1107460405
195633,3,1,1,66,2,1107591477
195973,3,1,1,66,3,1107722549
196266,3,1,1,66,4,1107853621
196420,3,1,1,66,5,1107984693
196573,3,1,1,66,6,1108115765
197386,3,1,1,67,0,1124106549
198039,3,1,1,67,1,1124237621
198553,3,1,1,67,2,1124368693
198899,3,1,1,67,3,1124499765
199199,3,1,1,67,4,1124630837
199350,3,1,1,67,5,1124761909
199499,3,1,1,67,6,1124892981
200309,3,1,1,68,0,1140883765
200981,3,1,1,68,1,1141014837
201511,3,1,1,68,2,1141145909
201870,3,1,1,68,3,1141276981
202178,3,1,1,68,4,1141408053
202330,3,1,1,68,5,1141539125
202477,3,1,1,68,6,1141670197
203272,3,1,1,69,0,1157660981
203923,3,1,1,69,1,1157792053
204427,3,1,1,69,2,1157923125
204766,3,1,1,69,3,1158054197
205057,3,1,1,69,4,1158185269
205209,3,1,1,69,5,1158316341
205358,3,1,1,69,6,1158447413
206160,3,1,1,70,0,1174438197
206835,3,1,1,70,1,1174569269
207366,3,1,1,70,2,1174700341
207712,3,1,1,70,3,1174831413
208008,3,1,1,70,4,1174962485
208155,3,1,1,70,5,1175093557
208305,3,1,1,70,6,1175224629
209093,3,1,1,71,0,1191215413
209775,3,1,1,71,1,1191346485
210308,3,1,1,71,2,1191477557
210653,3,1,1,71,3,1191608629
210947,3,1,1,71,4,1191739701
211093,3,1,1,71,5,1191870773
211238,3,1,1,71,6,1192001845
212049,3,1,1,72,0,1207992629
212742,3,1,1,72,1,1208123701
213286,3,1,1,72,2,1208254773
213634,3,1,1,72,3,1208385845
213929,3,1,1,72,4,1208516917
215031,3,1,1,73,0,1224769845
215730,3,1,1,73,1,1224900917
216282,3,1,1,73,2,1225031989
216625,3,1,1,73,3,1225163061
216918,3,1,1,73,4,1225294133
218040,3,1,1,74,0,1241547061
218740,3,1,1,74,1,1241678133
219301,3,1,1,74,2,1241809205
219633,3,1,1,74,3,1241940277
219916,3,1,1,74,4,1242071349
220991,3,1,1,75,0,1258324277
221685,3,1,1,75,1,1258455349
222243,3,1,1,75,2,1258586421
222585,3,1,1,75,3,1258717493
222871,3,1,1,75,4,1258848565
223914,3,1,1,76,0,1275101493
224598,3,1,1,76,1,1275232565
225147,3,1,1,76,2,1275363637
225489,3,1,1,76,3,1275494709
225773,3,1,1,76,4,1275625781
