pmt-nr.:	 pixel-nr.	 x-value[mm]	 y-value[mm]	 simplified_x	 simplified_y	 TDC-ID	 Channel_leading_edge	 Channel_trailing_edge	 PADIWA-Nr.	 TRB-Nr.	 PMT-Type

1	1	209.125	209.125	32	32	0x0010	1	2	113	105	H12700
1	2	209.125	203	32	31	0x0010	3	4	113	105	H12700
1	3	209.125	197	32	30	0x0010	9	10	113	105	H12700
1	4	209.125	191	32	29	0x0010	11	12	113	105	H12700
1	5	209.125	185	32	28	0x0010	21	22	113	105	H12700
1	6	209.125	179	32	27	0x0010	19	20	113	105	H12700
1	7	209.125	173	32	26	0x0010	31	32	113	105	H12700
1	8	209.125	166.875	32	25	0x0010	29	30	113	105	H12700
1	9	203	209.125	31	32	0x0010	5	6	113	105	H12700
1	10	203	203	31	31	0x0010	7	8	113	105	H12700
1	11	203	197	31	30	0x0010	13	14	113	105	H12700
1	12	203	191	31	29	0x0010	15	16	113	105	H12700
1	13	203	185	31	28	0x0010	23	24	113	105	H12700
1	14	203	179	31	27	0x0010	17	18	113	105	H12700
1	15	203	173	31	26	0x0010	27	28	113	105	H12700
1	16	203	166.875	31	25	0x0010	25	26	113	105	H12700
1	17	197	209.125	30	32	0x0011	27	28	190	105	H12700
1	18	197	203	30	31	0x0011	31	32	190	105	H12700
1	19	197	197	30	30	0x0011	17	18	190	105	H12700
1	20	197	191	30	29	0x0011	19	20	190	105	H12700
1	21	197	185	30	28	0x0011	15	16	190	105	H12700
1	22	197	179	30	27	0x0011	11	12	190	105	H12700
1	23	197	173	30	26	0x0011	7	8	190	105	H12700
1	24	197	166.875	30	25	0x0011	3	4	190	105	H12700
1	25	191	209.125	29	32	0x0011	29	30	190	105	H12700
1	26	191	203	29	31	0x0011	25	26	190	105	H12700
1	27	191	197	29	30	0x0011	21	22	190	105	H12700
1	28	191	191	29	29	0x0011	23	24	190	105	H12700
1	29	191	185	29	28	0x0011	13	14	190	105	H12700
1	30	191	179	29	27	0x0011	9	10	190	105	H12700
1	31	191	173	29	26	0x0011	1	2	190	105	H12700
1	32	191	166.875	29	25	0x0011	5	6	190	105	H12700
1	33	185	209.125	28	32	0x0012	7	8	189	105	H12700
1	34	185	203	28	31	0x0012	5	6	189	105	H12700
1	35	185	197	28	30	0x0012	15	16	189	105	H12700
1	36	185	191	28	29	0x0012	13	14	189	105	H12700
1	37	185	185	28	28	0x0012	17	18	189	105	H12700
1	38	185	179	28	27	0x0012	21	22	189	105	H12700
1	39	185	173	28	26	0x0012	25	26	189	105	H12700
1	40	185	166.875	28	25	0x0012	29	30	189	105	H12700
1	41	179	209.125	27	32	0x0012	1	2	189	105	H12700
1	42	179	203	27	31	0x0012	3	4	189	105	H12700
1	43	179	197	27	30	0x0012	9	10	189	105	H12700
1	44	179	191	27	29	0x0012	11	12	189	105	H12700
1	45	179	185	27	28	0x0012	19	20	189	105	H12700
1	46	179	179	27	27	0x0012	23	24	189	105	H12700
1	47	179	173	27	26	0x0012	27	28	189	105	H12700
1	48	179	166.875	27	25	0x0012	31	32	189	105	H12700
1	49	173	209.125	26	32	0x0013	27	28	149	105	H12700
1	50	173	203	26	31	0x0013	25	26	149	105	H12700
1	51	173	197	26	30	0x0013	17	18	149	105	H12700
1	52	173	191	26	29	0x0013	19	20	149	105	H12700
1	53	173	185	26	28	0x0013	9	10	149	105	H12700
1	54	173	179	26	27	0x0013	13	14	149	105	H12700
1	55	173	173	26	26	0x0013	7	8	149	105	H12700
1	56	173	166.875	26	25	0x0013	5	6	149	105	H12700
1	57	166.875	209.125	25	32	0x0013	29	30	149	105	H12700
1	58	166.875	203	25	31	0x0013	31	32	149	105	H12700
1	59	166.875	197	25	30	0x0013	21	22	149	105	H12700
1	60	166.875	191	25	29	0x0013	23	24	149	105	H12700
1	61	166.875	185	25	28	0x0013	15	16	149	105	H12700
1	62	166.875	179	25	27	0x0013	11	12	149	105	H12700
1	63	166.875	173	25	26	0x0013	3	4	149	105	H12700
1	64	166.875	166.875	25	25	0x0013	1	2	149	105	H12700
2	1	209.125	155.125	32	24	0x0020	1	2	183	89	H12700
2	2	209.125	149	32	23	0x0020	3	4	183	89	H12700
2	3	209.125	143	32	22	0x0020	9	10	183	89	H12700
2	4	209.125	137	32	21	0x0020	11	12	183	89	H12700
2	5	209.125	131	32	20	0x0020	21	22	183	89	H12700
2	6	209.125	125	32	19	0x0020	19	20	183	89	H12700
2	7	209.125	119	32	18	0x0020	31	32	183	89	H12700
2	8	209.125	112.875	32	17	0x0020	29	30	183	89	H12700
2	9	203	155.125	31	24	0x0020	5	6	183	89	H12700
2	10	203	149	31	23	0x0020	7	8	183	89	H12700
2	11	203	143	31	22	0x0020	13	14	183	89	H12700
2	12	203	137	31	21	0x0020	15	16	183	89	H12700
2	13	203	131	31	20	0x0020	23	24	183	89	H12700
2	14	203	125	31	19	0x0020	17	18	183	89	H12700
2	15	203	119	31	18	0x0020	27	28	183	89	H12700
2	16	203	112.875	31	17	0x0020	25	26	183	89	H12700
2	17	197	155.125	30	24	0x0021	27	28	118	89	H12700
2	18	197	149	30	23	0x0021	31	32	118	89	H12700
2	19	197	143	30	22	0x0021	17	18	118	89	H12700
2	20	197	137	30	21	0x0021	19	20	118	89	H12700
2	21	197	131	30	20	0x0021	15	16	118	89	H12700
2	22	197	125	30	19	0x0021	11	12	118	89	H12700
2	23	197	119	30	18	0x0021	7	8	118	89	H12700
2	24	197	112.875	30	17	0x0021	3	4	118	89	H12700
2	25	191	155.125	29	24	0x0021	29	30	118	89	H12700
2	26	191	149	29	23	0x0021	25	26	118	89	H12700
2	27	191	143	29	22	0x0021	21	22	118	89	H12700
2	28	191	137	29	21	0x0021	23	24	118	89	H12700
2	29	191	131	29	20	0x0021	13	14	118	89	H12700
2	30	191	125	29	19	0x0021	9	10	118	89	H12700
2	31	191	119	29	18	0x0021	1	2	118	89	H12700
2	32	191	112.875	29	17	0x0021	5	6	118	89	H12700
2	33	185	155.125	28	24	0x0022	7	8	119	89	H12700
2	34	185	149	28	23	0x0022	5	6	119	89	H12700
2	35	185	143	28	22	0x0022	15	16	119	89	H12700
2	36	185	137	28	21	0x0022	13	14	119	89	H12700
2	37	185	131	28	20	0x0022	17	18	119	89	H12700
2	38	185	125	28	19	0x0022	21	22	119	89	H12700
2	39	185	119	28	18	0x0022	25	26	119	89	H12700
2	40	185	112.875	28	17	0x0022	29	30	119	89	H12700
2	41	179	155.125	27	24	0x0022	1	2	119	89	H12700
2	42	179	149	27	23	0x0022	3	4	119	89	H12700
2	43	179	143	27	22	0x0022	9	10	119	89	H12700
2	44	179	137	27	21	0x0022	11	12	119	89	H12700
2	45	179	131	27	20	0x0022	19	20	119	89	H12700
2	46	179	125	27	19	0x0022	23	24	119	89	H12700
2	47	179	119	27	18	0x0022	27	28	119	89	H12700
2	48	179	112.875	27	17	0x0022	31	32	119	89	H12700
2	49	173	155.125	26	24	0x0023	27	28	120	89	H12700
2	50	173	149	26	23	0x0023	25	26	120	89	H12700
2	51	173	143	26	22	0x0023	17	18	120	89	H12700
2	52	173	137	26	21	0x0023	19	20	120	89	H12700
2	53	173	131	26	20	0x0023	9	10	120	89	H12700
2	54	173	125	26	19	0x0023	13	14	120	89	H12700
2	55	173	119	26	18	0x0023	7	8	120	89	H12700
2	56	173	112.875	26	17	0x0023	5	6	120	89	H12700
2	57	166.875	155.125	25	24	0x0023	29	30	120	89	H12700
2	58	166.875	149	25	23	0x0023	31	32	120	89	H12700
2	59	166.875	143	25	22	0x0023	21	22	120	89	H12700
2	60	166.875	137	25	21	0x0023	23	24	120	89	H12700
2	61	166.875	131	25	20	0x0023	15	16	120	89	H12700
2	62	166.875	125	25	19	0x0023	11	12	120	89	H12700
2	63	166.875	119	25	18	0x0023	3	4	120	89	H12700
2	64	166.875	112.875	25	17	0x0023	1	2	120	89	H12700
3	1	209.125	101.125	32	16	0x0030	1	2	196	101	H12700
3	2	209.125	95	32	15	0x0030	3	4	196	101	H12700
3	3	209.125	89	32	14	0x0030	9	10	196	101	H12700
3	4	209.125	83	32	13	0x0030	11	12	196	101	H12700
3	5	209.125	77	32	12	0x0030	21	22	196	101	H12700
3	6	209.125	71	32	11	0x0030	19	20	196	101	H12700
3	7	209.125	65	32	10	0x0030	31	32	196	101	H12700
3	8	209.125	58.875	32	9	0x0030	29	30	196	101	H12700
3	9	203	101.125	31	16	0x0030	5	6	196	101	H12700
3	10	203	95	31	15	0x0030	7	8	196	101	H12700
3	11	203	89	31	14	0x0030	13	14	196	101	H12700
3	12	203	83	31	13	0x0030	15	16	196	101	H12700
3	13	203	77	31	12	0x0030	23	24	196	101	H12700
3	14	203	71	31	11	0x0030	17	18	196	101	H12700
3	15	203	65	31	10	0x0030	27	28	196	101	H12700
3	16	203	58.875	31	9	0x0030	25	26	196	101	H12700
3	17	197	101.125	30	16	0x0031	27	28	198	101	H12700
3	18	197	95	30	15	0x0031	31	32	198	101	H12700
3	19	197	89	30	14	0x0031	17	18	198	101	H12700
3	20	197	83	30	13	0x0031	19	20	198	101	H12700
3	21	197	77	30	12	0x0031	15	16	198	101	H12700
3	22	197	71	30	11	0x0031	11	12	198	101	H12700
3	23	197	65	30	10	0x0031	7	8	198	101	H12700
3	24	197	58.875	30	9	0x0031	3	4	198	101	H12700
3	25	191	101.125	29	16	0x0031	29	30	198	101	H12700
3	26	191	95	29	15	0x0031	25	26	198	101	H12700
3	27	191	89	29	14	0x0031	21	22	198	101	H12700
3	28	191	83	29	13	0x0031	23	24	198	101	H12700
3	29	191	77	29	12	0x0031	13	14	198	101	H12700
3	30	191	71	29	11	0x0031	9	10	198	101	H12700
3	31	191	65	29	10	0x0031	1	2	198	101	H12700
3	32	191	58.875	29	9	0x0031	5	6	198	101	H12700
3	33	185	101.125	28	16	0x0032	7	8	127	101	H12700
3	34	185	95	28	15	0x0032	5	6	127	101	H12700
3	35	185	89	28	14	0x0032	15	16	127	101	H12700
3	36	185	83	28	13	0x0032	13	14	127	101	H12700
3	37	185	77	28	12	0x0032	17	18	127	101	H12700
3	38	185	71	28	11	0x0032	21	22	127	101	H12700
3	39	185	65	28	10	0x0032	25	26	127	101	H12700
3	40	185	58.875	28	9	0x0032	29	30	127	101	H12700
3	41	179	101.125	27	16	0x0032	1	2	127	101	H12700
3	42	179	95	27	15	0x0032	3	4	127	101	H12700
3	43	179	89	27	14	0x0032	9	10	127	101	H12700
3	44	179	83	27	13	0x0032	11	12	127	101	H12700
3	45	179	77	27	12	0x0032	19	20	127	101	H12700
3	46	179	71	27	11	0x0032	23	24	127	101	H12700
3	47	179	65	27	10	0x0032	27	28	127	101	H12700
3	48	179	58.875	27	9	0x0032	31	32	127	101	H12700
3	49	173	101.125	26	16	0x0033	27	28	56	101	H12700
3	50	173	95	26	15	0x0033	25	26	56	101	H12700
3	51	173	89	26	14	0x0033	17	18	56	101	H12700
3	52	173	83	26	13	0x0033	19	20	56	101	H12700
3	53	173	77	26	12	0x0033	9	10	56	101	H12700
3	54	173	71	26	11	0x0033	13	14	56	101	H12700
3	55	173	65	26	10	0x0033	7	8	56	101	H12700
3	56	173	58.875	26	9	0x0033	5	6	56	101	H12700
3	57	166.875	101.125	25	16	0x0033	29	30	56	101	H12700
3	58	166.875	95	25	15	0x0033	31	32	56	101	H12700
3	59	166.875	89	25	14	0x0033	21	22	56	101	H12700
3	60	166.875	83	25	13	0x0033	23	24	56	101	H12700
3	61	166.875	77	25	12	0x0033	15	16	56	101	H12700
3	62	166.875	71	25	11	0x0033	11	12	56	101	H12700
3	63	166.875	65	25	10	0x0033	3	4	56	101	H12700
3	64	166.875	58.875	25	9	0x0033	1	2	56	101	H12700
4	1	209.37	47.37	32	8	0x0040	1	2	152	99	H8500
4	2	209.37	41.2	32	7	0x0040	3	4	152	99	H8500
4	3	209.37	35.12	32	6	0x0040	9	10	152	99	H8500
4	4	209.37	29.04	32	5	0x0040	11	12	152	99	H8500
4	5	209.37	22.96	32	4	0x0040	21	22	152	99	H8500
4	6	209.37	16.88	32	3	0x0040	19	20	152	99	H8500
4	7	209.37	10.8	32	2	0x0040	31	32	152	99	H8500
4	8	209.37	4.63	32	1	0x0040	29	30	152	99	H8500
4	9	203.2	47.37	31	8	0x0040	5	6	152	99	H8500
4	10	203.2	41.2	31	7	0x0040	7	8	152	99	H8500
4	11	203.2	35.12	31	6	0x0040	13	14	152	99	H8500
4	12	203.2	29.04	31	5	0x0040	15	16	152	99	H8500
4	13	203.2	22.96	31	4	0x0040	23	24	152	99	H8500
4	14	203.2	16.88	31	3	0x0040	17	18	152	99	H8500
4	15	203.2	10.8	31	2	0x0040	27	28	152	99	H8500
4	16	203.2	4.63	31	1	0x0040	25	26	152	99	H8500
4	17	197.12	47.37	30	8	0x0041	27	28	193	99	H8500
4	18	197.12	41.2	30	7	0x0041	31	32	193	99	H8500
4	19	197.12	35.12	30	6	0x0041	17	18	193	99	H8500
4	20	197.12	29.04	30	5	0x0041	19	20	193	99	H8500
4	21	197.12	22.96	30	4	0x0041	15	16	193	99	H8500
4	22	197.12	16.88	30	3	0x0041	11	12	193	99	H8500
4	23	197.12	10.8	30	2	0x0041	7	8	193	99	H8500
4	24	197.12	4.63	30	1	0x0041	3	4	193	99	H8500
4	25	191.04	47.37	29	8	0x0041	29	30	193	99	H8500
4	26	191.04	41.2	29	7	0x0041	25	26	193	99	H8500
4	27	191.04	35.12	29	6	0x0041	21	22	193	99	H8500
4	28	191.04	29.04	29	5	0x0041	23	24	193	99	H8500
4	29	191.04	22.96	29	4	0x0041	13	14	193	99	H8500
4	30	191.04	16.88	29	3	0x0041	9	10	193	99	H8500
4	31	191.04	10.8	29	2	0x0041	1	2	193	99	H8500
4	32	191.04	4.63	29	1	0x0041	5	6	193	99	H8500
4	33	184.96	47.37	28	8	0x0042	7	8	107	99	H8500
4	34	184.96	41.2	28	7	0x0042	5	6	107	99	H8500
4	35	184.96	35.12	28	6	0x0042	15	16	107	99	H8500
4	36	184.96	29.04	28	5	0x0042	13	14	107	99	H8500
4	37	184.96	22.96	28	4	0x0042	17	18	107	99	H8500
4	38	184.96	16.88	28	3	0x0042	21	22	107	99	H8500
4	39	184.96	10.8	28	2	0x0042	25	26	107	99	H8500
4	40	184.96	4.63	28	1	0x0042	29	30	107	99	H8500
4	41	178.88	47.37	27	8	0x0042	1	2	107	99	H8500
4	42	178.88	41.2	27	7	0x0042	3	4	107	99	H8500
4	43	178.88	35.12	27	6	0x0042	9	10	107	99	H8500
4	44	178.88	29.04	27	5	0x0042	11	12	107	99	H8500
4	45	178.88	22.96	27	4	0x0042	19	20	107	99	H8500
4	46	178.88	16.88	27	3	0x0042	23	24	107	99	H8500
4	47	178.88	10.8	27	2	0x0042	27	28	107	99	H8500
4	48	178.88	4.63	27	1	0x0042	31	32	107	99	H8500
4	49	172.8	47.37	26	8	0x0043	27	28	106	99	H8500
4	50	172.8	41.2	26	7	0x0043	25	26	106	99	H8500
4	51	172.8	35.12	26	6	0x0043	17	18	106	99	H8500
4	52	172.8	29.04	26	5	0x0043	19	20	106	99	H8500
4	53	172.8	22.96	26	4	0x0043	9	10	106	99	H8500
4	54	172.8	16.88	26	3	0x0043	13	14	106	99	H8500
4	55	172.8	10.8	26	2	0x0043	7	8	106	99	H8500
4	56	172.8	4.63	26	1	0x0043	5	6	106	99	H8500
4	57	166.63	47.37	25	8	0x0043	29	30	106	99	H8500
4	58	166.63	41.2	25	7	0x0043	31	32	106	99	H8500
4	59	166.63	35.12	25	6	0x0043	21	22	106	99	H8500
4	60	166.63	29.04	25	5	0x0043	23	24	106	99	H8500
4	61	166.63	22.96	25	4	0x0043	15	16	106	99	H8500
4	62	166.63	16.88	25	3	0x0043	11	12	106	99	H8500
4	63	166.63	10.8	25	2	0x0043	3	4	106	99	H8500
4	64	166.63	4.63	25	1	0x0043	1	2	106	99	H8500
5	1	155.125	209.125	24	32	0x0050	1	2	173	73	H12700
5	2	155.125	203	24	31	0x0050	3	4	173	73	H12700
5	3	155.125	197	24	30	0x0050	9	10	173	73	H12700
5	4	155.125	191	24	29	0x0050	11	12	173	73	H12700
5	5	155.125	185	24	28	0x0050	21	22	173	73	H12700
5	6	155.125	179	24	27	0x0050	19	20	173	73	H12700
5	7	155.125	173	24	26	0x0050	31	32	173	73	H12700
5	8	155.125	166.875	24	25	0x0050	29	30	173	73	H12700
5	9	149	209.125	23	32	0x0050	5	6	173	73	H12700
5	10	149	203	23	31	0x0050	7	8	173	73	H12700
5	11	149	197	23	30	0x0050	13	14	173	73	H12700
5	12	149	191	23	29	0x0050	15	16	173	73	H12700
5	13	149	185	23	28	0x0050	23	24	173	73	H12700
5	14	149	179	23	27	0x0050	17	18	173	73	H12700
5	15	149	173	23	26	0x0050	27	28	173	73	H12700
5	16	149	166.875	23	25	0x0050	25	26	173	73	H12700
5	17	143	209.125	22	32	0x0051	27	28	174	73	H12700
5	18	143	203	22	31	0x0051	31	32	174	73	H12700
5	19	143	197	22	30	0x0051	17	18	174	73	H12700
5	20	143	191	22	29	0x0051	19	20	174	73	H12700
5	21	143	185	22	28	0x0051	15	16	174	73	H12700
5	22	143	179	22	27	0x0051	11	12	174	73	H12700
5	23	143	173	22	26	0x0051	7	8	174	73	H12700
5	24	143	166.875	22	25	0x0051	3	4	174	73	H12700
5	25	137	209.125	21	32	0x0051	29	30	174	73	H12700
5	26	137	203	21	31	0x0051	25	26	174	73	H12700
5	27	137	197	21	30	0x0051	21	22	174	73	H12700
5	28	137	191	21	29	0x0051	23	24	174	73	H12700
5	29	137	185	21	28	0x0051	13	14	174	73	H12700
5	30	137	179	21	27	0x0051	9	10	174	73	H12700
5	31	137	173	21	26	0x0051	1	2	174	73	H12700
5	32	137	166.875	21	25	0x0051	5	6	174	73	H12700
5	33	131	209.125	20	32	0x0052	7	8	185	73	H12700
5	34	131	203	20	31	0x0052	5	6	185	73	H12700
5	35	131	197	20	30	0x0052	15	16	185	73	H12700
5	36	131	191	20	29	0x0052	13	14	185	73	H12700
5	37	131	185	20	28	0x0052	17	18	185	73	H12700
5	38	131	179	20	27	0x0052	21	22	185	73	H12700
5	39	131	173	20	26	0x0052	25	26	185	73	H12700
5	40	131	166.875	20	25	0x0052	29	30	185	73	H12700
5	41	125	209.125	19	32	0x0052	1	2	185	73	H12700
5	42	125	203	19	31	0x0052	3	4	185	73	H12700
5	43	125	197	19	30	0x0052	9	10	185	73	H12700
5	44	125	191	19	29	0x0052	11	12	185	73	H12700
5	45	125	185	19	28	0x0052	19	20	185	73	H12700
5	46	125	179	19	27	0x0052	23	24	185	73	H12700
5	47	125	173	19	26	0x0052	27	28	185	73	H12700
5	48	125	166.875	19	25	0x0052	31	32	185	73	H12700
5	49	119	209.125	18	32	0x0053	27	28	148	73	H12700
5	50	119	203	18	31	0x0053	25	26	148	73	H12700
5	51	119	197	18	30	0x0053	17	18	148	73	H12700
5	52	119	191	18	29	0x0053	19	20	148	73	H12700
5	53	119	185	18	28	0x0053	9	10	148	73	H12700
5	54	119	179	18	27	0x0053	13	14	148	73	H12700
5	55	119	173	18	26	0x0053	7	8	148	73	H12700
5	56	119	166.875	18	25	0x0053	5	6	148	73	H12700
5	57	112.875	209.125	17	32	0x0053	29	30	148	73	H12700
5	58	112.875	203	17	31	0x0053	31	32	148	73	H12700
5	59	112.875	197	17	30	0x0053	21	22	148	73	H12700
5	60	112.875	191	17	29	0x0053	23	24	148	73	H12700
5	61	112.875	185	17	28	0x0053	15	16	148	73	H12700
5	62	112.875	179	17	27	0x0053	11	12	148	73	H12700
5	63	112.875	173	17	26	0x0053	3	4	148	73	H12700
5	64	112.875	166.875	17	25	0x0053	1	2	148	73	H12700
6	1	155.125	155.125	24	24	0x0060	1	2	141	102	H12700
6	2	155.125	149	24	23	0x0060	3	4	141	102	H12700
6	3	155.125	143	24	22	0x0060	9	10	141	102	H12700
6	4	155.125	137	24	21	0x0060	11	12	141	102	H12700
6	5	155.125	131	24	20	0x0060	21	22	141	102	H12700
6	6	155.125	125	24	19	0x0060	19	20	141	102	H12700
6	7	155.125	119	24	18	0x0060	31	32	141	102	H12700
6	8	155.125	112.875	24	17	0x0060	29	30	141	102	H12700
6	9	149	155.125	23	24	0x0060	5	6	141	102	H12700
6	10	149	149	23	23	0x0060	7	8	141	102	H12700
6	11	149	143	23	22	0x0060	13	14	141	102	H12700
6	12	149	137	23	21	0x0060	15	16	141	102	H12700
6	13	149	131	23	20	0x0060	23	24	141	102	H12700
6	14	149	125	23	19	0x0060	17	18	141	102	H12700
6	15	149	119	23	18	0x0060	27	28	141	102	H12700
6	16	149	112.875	23	17	0x0060	25	26	141	102	H12700
6	17	143	155.125	22	24	0x0061	27	28	181	102	H12700
6	18	143	149	22	23	0x0061	31	32	181	102	H12700
6	19	143	143	22	22	0x0061	17	18	181	102	H12700
6	20	143	137	22	21	0x0061	19	20	181	102	H12700
6	21	143	131	22	20	0x0061	15	16	181	102	H12700
6	22	143	125	22	19	0x0061	11	12	181	102	H12700
6	23	143	119	22	18	0x0061	7	8	181	102	H12700
6	24	143	112.875	22	17	0x0061	3	4	181	102	H12700
6	25	137	155.125	21	24	0x0061	29	30	181	102	H12700
6	26	137	149	21	23	0x0061	25	26	181	102	H12700
6	27	137	143	21	22	0x0061	21	22	181	102	H12700
6	28	137	137	21	21	0x0061	23	24	181	102	H12700
6	29	137	131	21	20	0x0061	13	14	181	102	H12700
6	30	137	125	21	19	0x0061	9	10	181	102	H12700
6	31	137	119	21	18	0x0061	1	2	181	102	H12700
6	32	137	112.875	21	17	0x0061	5	6	181	102	H12700
6	33	131	155.125	20	24	0x0062	7	8	188	102	H12700
6	34	131	149	20	23	0x0062	5	6	188	102	H12700
6	35	131	143	20	22	0x0062	15	16	188	102	H12700
6	36	131	137	20	21	0x0062	13	14	188	102	H12700
6	37	131	131	20	20	0x0062	17	18	188	102	H12700
6	38	131	125	20	19	0x0062	21	22	188	102	H12700
6	39	131	119	20	18	0x0062	25	26	188	102	H12700
6	40	131	112.875	20	17	0x0062	29	30	188	102	H12700
6	41	125	155.125	19	24	0x0062	1	2	188	102	H12700
6	42	125	149	19	23	0x0062	3	4	188	102	H12700
6	43	125	143	19	22	0x0062	9	10	188	102	H12700
6	44	125	137	19	21	0x0062	11	12	188	102	H12700
6	45	125	131	19	20	0x0062	19	20	188	102	H12700
6	46	125	125	19	19	0x0062	23	24	188	102	H12700
6	47	125	119	19	18	0x0062	27	28	188	102	H12700
6	48	125	112.875	19	17	0x0062	31	32	188	102	H12700
6	49	119	155.125	18	24	0x0063	27	28	192	102	H12700
6	50	119	149	18	23	0x0063	25	26	192	102	H12700
6	51	119	143	18	22	0x0063	17	18	192	102	H12700
6	52	119	137	18	21	0x0063	19	20	192	102	H12700
6	53	119	131	18	20	0x0063	9	10	192	102	H12700
6	54	119	125	18	19	0x0063	13	14	192	102	H12700
6	55	119	119	18	18	0x0063	7	8	192	102	H12700
6	56	119	112.875	18	17	0x0063	5	6	192	102	H12700
6	57	112.875	155.125	17	24	0x0063	29	30	192	102	H12700
6	58	112.875	149	17	23	0x0063	31	32	192	102	H12700
6	59	112.875	143	17	22	0x0063	21	22	192	102	H12700
6	60	112.875	137	17	21	0x0063	23	24	192	102	H12700
6	61	112.875	131	17	20	0x0063	15	16	192	102	H12700
6	62	112.875	125	17	19	0x0063	11	12	192	102	H12700
6	63	112.875	119	17	18	0x0063	3	4	192	102	H12700
6	64	112.875	112.875	17	17	0x0063	1	2	192	102	H12700
7	1	155.125	101.125	24	16	0x0070	1	2	167	83	H12700
7	2	155.125	95	24	15	0x0070	3	4	167	83	H12700
7	3	155.125	89	24	14	0x0070	9	10	167	83	H12700
7	4	155.125	83	24	13	0x0070	11	12	167	83	H12700
7	5	155.125	77	24	12	0x0070	21	22	167	83	H12700
7	6	155.125	71	24	11	0x0070	19	20	167	83	H12700
7	7	155.125	65	24	10	0x0070	31	32	167	83	H12700
7	8	155.125	58.875	24	9	0x0070	29	30	167	83	H12700
7	9	149	101.125	23	16	0x0070	5	6	167	83	H12700
7	10	149	95	23	15	0x0070	7	8	167	83	H12700
7	11	149	89	23	14	0x0070	13	14	167	83	H12700
7	12	149	83	23	13	0x0070	15	16	167	83	H12700
7	13	149	77	23	12	0x0070	23	24	167	83	H12700
7	14	149	71	23	11	0x0070	17	18	167	83	H12700
7	15	149	65	23	10	0x0070	27	28	167	83	H12700
7	16	149	58.875	23	9	0x0070	25	26	167	83	H12700
7	17	143	101.125	22	16	0x0071	27	28	124	83	H12700
7	18	143	95	22	15	0x0071	31	32	124	83	H12700
7	19	143	89	22	14	0x0071	17	18	124	83	H12700
7	20	143	83	22	13	0x0071	19	20	124	83	H12700
7	21	143	77	22	12	0x0071	15	16	124	83	H12700
7	22	143	71	22	11	0x0071	11	12	124	83	H12700
7	23	143	65	22	10	0x0071	7	8	124	83	H12700
7	24	143	58.875	22	9	0x0071	3	4	124	83	H12700
7	25	137	101.125	21	16	0x0071	29	30	124	83	H12700
7	26	137	95	21	15	0x0071	25	26	124	83	H12700
7	27	137	89	21	14	0x0071	21	22	124	83	H12700
7	28	137	83	21	13	0x0071	23	24	124	83	H12700
7	29	137	77	21	12	0x0071	13	14	124	83	H12700
7	30	137	71	21	11	0x0071	9	10	124	83	H12700
7	31	137	65	21	10	0x0071	1	2	124	83	H12700
7	32	137	58.875	21	9	0x0071	5	6	124	83	H12700
7	33	131	101.125	20	16	0x0072	7	8	115	83	H12700
7	34	131	95	20	15	0x0072	5	6	115	83	H12700
7	35	131	89	20	14	0x0072	15	16	115	83	H12700
7	36	131	83	20	13	0x0072	13	14	115	83	H12700
7	37	131	77	20	12	0x0072	17	18	115	83	H12700
7	38	131	71	20	11	0x0072	21	22	115	83	H12700
7	39	131	65	20	10	0x0072	25	26	115	83	H12700
7	40	131	58.875	20	9	0x0072	29	30	115	83	H12700
7	41	125	101.125	19	16	0x0072	1	2	115	83	H12700
7	42	125	95	19	15	0x0072	3	4	115	83	H12700
7	43	125	89	19	14	0x0072	9	10	115	83	H12700
7	44	125	83	19	13	0x0072	11	12	115	83	H12700
7	45	125	77	19	12	0x0072	19	20	115	83	H12700
7	46	125	71	19	11	0x0072	23	24	115	83	H12700
7	47	125	65	19	10	0x0072	27	28	115	83	H12700
7	48	125	58.875	19	9	0x0072	31	32	115	83	H12700
7	49	119	101.125	18	16	0x0073	27	28	116	83	H12700
7	50	119	95	18	15	0x0073	25	26	116	83	H12700
7	51	119	89	18	14	0x0073	17	18	116	83	H12700
7	52	119	83	18	13	0x0073	19	20	116	83	H12700
7	53	119	77	18	12	0x0073	9	10	116	83	H12700
7	54	119	71	18	11	0x0073	13	14	116	83	H12700
7	55	119	65	18	10	0x0073	7	8	116	83	H12700
7	56	119	58.875	18	9	0x0073	5	6	116	83	H12700
7	57	112.875	101.125	17	16	0x0073	29	30	116	83	H12700
7	58	112.875	95	17	15	0x0073	31	32	116	83	H12700
7	59	112.875	89	17	14	0x0073	21	22	116	83	H12700
7	60	112.875	83	17	13	0x0073	23	24	116	83	H12700
7	61	112.875	77	17	12	0x0073	15	16	116	83	H12700
7	62	112.875	71	17	11	0x0073	11	12	116	83	H12700
7	63	112.875	65	17	10	0x0073	3	4	116	83	H12700
7	64	112.875	58.875	17	9	0x0073	1	2	116	83	H12700
8	1	155.37	47.37	24	8	0x0080	1	2	133	78	H8500
8	2	155.37	41.2	24	7	0x0080	3	4	133	78	H8500
8	3	155.37	35.12	24	6	0x0080	9	10	133	78	H8500
8	4	155.37	29.04	24	5	0x0080	11	12	133	78	H8500
8	5	155.37	22.96	24	4	0x0080	21	22	133	78	H8500
8	6	155.37	16.88	24	3	0x0080	19	20	133	78	H8500
8	7	155.37	10.8	24	2	0x0080	31	32	133	78	H8500
8	8	155.37	4.63	24	1	0x0080	29	30	133	78	H8500
8	9	149.2	47.37	23	8	0x0080	5	6	133	78	H8500
8	10	149.2	41.2	23	7	0x0080	7	8	133	78	H8500
8	11	149.2	35.12	23	6	0x0080	13	14	133	78	H8500
8	12	149.2	29.04	23	5	0x0080	15	16	133	78	H8500
8	13	149.2	22.96	23	4	0x0080	23	24	133	78	H8500
8	14	149.2	16.88	23	3	0x0080	17	18	133	78	H8500
8	15	149.2	10.8	23	2	0x0080	27	28	133	78	H8500
8	16	149.2	4.63	23	1	0x0080	25	26	133	78	H8500
8	17	143.12	47.37	22	8	0x0081	27	28	57	78	H8500
8	18	143.12	41.2	22	7	0x0081	31	32	57	78	H8500
8	19	143.12	35.12	22	6	0x0081	17	18	57	78	H8500
8	20	143.12	29.04	22	5	0x0081	19	20	57	78	H8500
8	21	143.12	22.96	22	4	0x0081	15	16	57	78	H8500
8	22	143.12	16.88	22	3	0x0081	11	12	57	78	H8500
8	23	143.12	10.8	22	2	0x0081	7	8	57	78	H8500
8	24	143.12	4.63	22	1	0x0081	3	4	57	78	H8500
8	25	137.04	47.37	21	8	0x0081	29	30	57	78	H8500
8	26	137.04	41.2	21	7	0x0081	25	26	57	78	H8500
8	27	137.04	35.12	21	6	0x0081	21	22	57	78	H8500
8	28	137.04	29.04	21	5	0x0081	23	24	57	78	H8500
8	29	137.04	22.96	21	4	0x0081	13	14	57	78	H8500
8	30	137.04	16.88	21	3	0x0081	9	10	57	78	H8500
8	31	137.04	10.8	21	2	0x0081	1	2	57	78	H8500
8	32	137.04	4.63	21	1	0x0081	5	6	57	78	H8500
8	33	130.96	47.37	20	8	0x0082	7	8	197	78	H8500
8	34	130.96	41.2	20	7	0x0082	5	6	197	78	H8500
8	35	130.96	35.12	20	6	0x0082	15	16	197	78	H8500
8	36	130.96	29.04	20	5	0x0082	13	14	197	78	H8500
8	37	130.96	22.96	20	4	0x0082	17	18	197	78	H8500
8	38	130.96	16.88	20	3	0x0082	21	22	197	78	H8500
8	39	130.96	10.8	20	2	0x0082	25	26	197	78	H8500
8	40	130.96	4.63	20	1	0x0082	29	30	197	78	H8500
8	41	124.88	47.37	19	8	0x0082	1	2	197	78	H8500
8	42	124.88	41.2	19	7	0x0082	3	4	197	78	H8500
8	43	124.88	35.12	19	6	0x0082	9	10	197	78	H8500
8	44	124.88	29.04	19	5	0x0082	11	12	197	78	H8500
8	45	124.88	22.96	19	4	0x0082	19	20	197	78	H8500
8	46	124.88	16.88	19	3	0x0082	23	24	197	78	H8500
8	47	124.88	10.8	19	2	0x0082	27	28	197	78	H8500
8	48	124.88	4.63	19	1	0x0082	31	32	197	78	H8500
8	49	118.8	47.37	18	8	0x0083	27	28	195	78	H8500
8	50	118.8	41.2	18	7	0x0083	25	26	195	78	H8500
8	51	118.8	35.12	18	6	0x0083	17	18	195	78	H8500
8	52	118.8	29.04	18	5	0x0083	19	20	195	78	H8500
8	53	118.8	22.96	18	4	0x0083	9	10	195	78	H8500
8	54	118.8	16.88	18	3	0x0083	13	14	195	78	H8500
8	55	118.8	10.8	18	2	0x0083	7	8	195	78	H8500
8	56	118.8	4.63	18	1	0x0083	5	6	195	78	H8500
8	57	112.63	47.37	17	8	0x0083	29	30	195	78	H8500
8	58	112.63	41.2	17	7	0x0083	31	32	195	78	H8500
8	59	112.63	35.12	17	6	0x0083	21	22	195	78	H8500
8	60	112.63	29.04	17	5	0x0083	23	24	195	78	H8500
8	61	112.63	22.96	17	4	0x0083	15	16	195	78	H8500
8	62	112.63	16.88	17	3	0x0083	11	12	195	78	H8500
8	63	112.63	10.8	17	2	0x0083	3	4	195	78	H8500
8	64	112.63	4.63	17	1	0x0083	1	2	195	78	H8500
9	1	101.37	209.37	16	32	0x0090	1	2	103	104	H8500
9	2	101.37	203.2	16	31	0x0090	3	4	103	104	H8500
9	3	101.37	197.12	16	30	0x0090	9	10	103	104	H8500
9	4	101.37	191.04	16	29	0x0090	11	12	103	104	H8500
9	5	101.37	184.96	16	28	0x0090	21	22	103	104	H8500
9	6	101.37	178.88	16	27	0x0090	19	20	103	104	H8500
9	7	101.37	172.8	16	26	0x0090	31	32	103	104	H8500
9	8	101.37	166.63	16	25	0x0090	29	30	103	104	H8500
9	9	95.2	209.37	15	32	0x0090	5	6	103	104	H8500
9	10	95.2	203.2	15	31	0x0090	7	8	103	104	H8500
9	11	95.2	197.12	15	30	0x0090	13	14	103	104	H8500
9	12	95.2	191.04	15	29	0x0090	15	16	103	104	H8500
9	13	95.2	184.96	15	28	0x0090	23	24	103	104	H8500
9	14	95.2	178.88	15	27	0x0090	17	18	103	104	H8500
9	15	95.2	172.8	15	26	0x0090	27	28	103	104	H8500
9	16	95.2	166.63	15	25	0x0090	25	26	103	104	H8500
9	17	89.12	209.37	14	32	0x0091	27	28	110	104	H8500
9	18	89.12	203.2	14	31	0x0091	31	32	110	104	H8500
9	19	89.12	197.12	14	30	0x0091	17	18	110	104	H8500
9	20	89.12	191.04	14	29	0x0091	19	20	110	104	H8500
9	21	89.12	184.96	14	28	0x0091	15	16	110	104	H8500
9	22	89.12	178.88	14	27	0x0091	11	12	110	104	H8500
9	23	89.12	172.8	14	26	0x0091	7	8	110	104	H8500
9	24	89.12	166.63	14	25	0x0091	3	4	110	104	H8500
9	25	83.04	209.37	13	32	0x0091	29	30	110	104	H8500
9	26	83.04	203.2	13	31	0x0091	25	26	110	104	H8500
9	27	83.04	197.12	13	30	0x0091	21	22	110	104	H8500
9	28	83.04	191.04	13	29	0x0091	23	24	110	104	H8500
9	29	83.04	184.96	13	28	0x0091	13	14	110	104	H8500
9	30	83.04	178.88	13	27	0x0091	9	10	110	104	H8500
9	31	83.04	172.8	13	26	0x0091	1	2	110	104	H8500
9	32	83.04	166.63	13	25	0x0091	5	6	110	104	H8500
9	33	76.96	209.37	12	32	0x0092	7	8	112	104	H8500
9	34	76.96	203.2	12	31	0x0092	5	6	112	104	H8500
9	35	76.96	197.12	12	30	0x0092	15	16	112	104	H8500
9	36	76.96	191.04	12	29	0x0092	13	14	112	104	H8500
9	37	76.96	184.96	12	28	0x0092	17	18	112	104	H8500
9	38	76.96	178.88	12	27	0x0092	21	22	112	104	H8500
9	39	76.96	172.8	12	26	0x0092	25	26	112	104	H8500
9	40	76.96	166.63	12	25	0x0092	29	30	112	104	H8500
9	41	70.88	209.37	11	32	0x0092	1	2	112	104	H8500
9	42	70.88	203.2	11	31	0x0092	3	4	112	104	H8500
9	43	70.88	197.12	11	30	0x0092	9	10	112	104	H8500
9	44	70.88	191.04	11	29	0x0092	11	12	112	104	H8500
9	45	70.88	184.96	11	28	0x0092	19	20	112	104	H8500
9	46	70.88	178.88	11	27	0x0092	23	24	112	104	H8500
9	47	70.88	172.8	11	26	0x0092	27	28	112	104	H8500
9	48	70.88	166.63	11	25	0x0092	31	32	112	104	H8500
9	49	64.8	209.37	10	32	0x0093	27	28	114	104	H8500
9	50	64.8	203.2	10	31	0x0093	25	26	114	104	H8500
9	51	64.8	197.12	10	30	0x0093	17	18	114	104	H8500
9	52	64.8	191.04	10	29	0x0093	19	20	114	104	H8500
9	53	64.8	184.96	10	28	0x0093	9	10	114	104	H8500
9	54	64.8	178.88	10	27	0x0093	13	14	114	104	H8500
9	55	64.8	172.8	10	26	0x0093	7	8	114	104	H8500
9	56	64.8	166.63	10	25	0x0093	5	6	114	104	H8500
9	57	58.63	209.37	9	32	0x0093	29	30	114	104	H8500
9	58	58.63	203.2	9	31	0x0093	31	32	114	104	H8500
9	59	58.63	197.12	9	30	0x0093	21	22	114	104	H8500
9	60	58.63	191.04	9	29	0x0093	23	24	114	104	H8500
9	61	58.63	184.96	9	28	0x0093	15	16	114	104	H8500
9	62	58.63	178.88	9	27	0x0093	11	12	114	104	H8500
9	63	58.63	172.8	9	26	0x0093	3	4	114	104	H8500
9	64	58.63	166.63	9	25	0x0093	1	2	114	104	H8500
10	1	101.37	155.37	16	24	0x00a0	1	2	160	74	H8500
10	2	101.37	149.2	16	23	0x00a0	3	4	160	74	H8500
10	3	101.37	143.12	16	22	0x00a0	9	10	160	74	H8500
10	4	101.37	137.04	16	21	0x00a0	11	12	160	74	H8500
10	5	101.37	130.96	16	20	0x00a0	21	22	160	74	H8500
10	6	101.37	124.88	16	19	0x00a0	19	20	160	74	H8500
10	7	101.37	118.8	16	18	0x00a0	31	32	160	74	H8500
10	8	101.37	112.63	16	17	0x00a0	29	30	160	74	H8500
10	9	95.2	155.37	15	24	0x00a0	5	6	160	74	H8500
10	10	95.2	149.2	15	23	0x00a0	7	8	160	74	H8500
10	11	95.2	143.12	15	22	0x00a0	13	14	160	74	H8500
10	12	95.2	137.04	15	21	0x00a0	15	16	160	74	H8500
10	13	95.2	130.96	15	20	0x00a0	23	24	160	74	H8500
10	14	95.2	124.88	15	19	0x00a0	17	18	160	74	H8500
10	15	95.2	118.8	15	18	0x00a0	27	28	160	74	H8500
10	16	95.2	112.63	15	17	0x00a0	25	26	160	74	H8500
10	17	89.12	155.37	14	24	0x00a1	27	28	170	74	H8500
10	18	89.12	149.2	14	23	0x00a1	31	32	170	74	H8500
10	19	89.12	143.12	14	22	0x00a1	17	18	170	74	H8500
10	20	89.12	137.04	14	21	0x00a1	19	20	170	74	H8500
10	21	89.12	130.96	14	20	0x00a1	15	16	170	74	H8500
10	22	89.12	124.88	14	19	0x00a1	11	12	170	74	H8500
10	23	89.12	118.8	14	18	0x00a1	7	8	170	74	H8500
10	24	89.12	112.63	14	17	0x00a1	3	4	170	74	H8500
10	25	83.04	155.37	13	24	0x00a1	29	30	170	74	H8500
10	26	83.04	149.2	13	23	0x00a1	25	26	170	74	H8500
10	27	83.04	143.12	13	22	0x00a1	21	22	170	74	H8500
10	28	83.04	137.04	13	21	0x00a1	23	24	170	74	H8500
10	29	83.04	130.96	13	20	0x00a1	13	14	170	74	H8500
10	30	83.04	124.88	13	19	0x00a1	9	10	170	74	H8500
10	31	83.04	118.8	13	18	0x00a1	1	2	170	74	H8500
10	32	83.04	112.63	13	17	0x00a1	5	6	170	74	H8500
10	33	76.96	155.37	12	24	0x00a2	7	8	171	74	H8500
10	34	76.96	149.2	12	23	0x00a2	5	6	171	74	H8500
10	35	76.96	143.12	12	22	0x00a2	15	16	171	74	H8500
10	36	76.96	137.04	12	21	0x00a2	13	14	171	74	H8500
10	37	76.96	130.96	12	20	0x00a2	17	18	171	74	H8500
10	38	76.96	124.88	12	19	0x00a2	21	22	171	74	H8500
10	39	76.96	118.8	12	18	0x00a2	25	26	171	74	H8500
10	40	76.96	112.63	12	17	0x00a2	29	30	171	74	H8500
10	41	70.88	155.37	11	24	0x00a2	1	2	171	74	H8500
10	42	70.88	149.2	11	23	0x00a2	3	4	171	74	H8500
10	43	70.88	143.12	11	22	0x00a2	9	10	171	74	H8500
10	44	70.88	137.04	11	21	0x00a2	11	12	171	74	H8500
10	45	70.88	130.96	11	20	0x00a2	19	20	171	74	H8500
10	46	70.88	124.88	11	19	0x00a2	23	24	171	74	H8500
10	47	70.88	118.8	11	18	0x00a2	27	28	171	74	H8500
10	48	70.88	112.63	11	17	0x00a2	31	32	171	74	H8500
10	49	64.8	155.37	10	24	0x00a3	27	28	172	74	H8500
10	50	64.8	149.2	10	23	0x00a3	25	26	172	74	H8500
10	51	64.8	143.12	10	22	0x00a3	17	18	172	74	H8500
10	52	64.8	137.04	10	21	0x00a3	19	20	172	74	H8500
10	53	64.8	130.96	10	20	0x00a3	9	10	172	74	H8500
10	54	64.8	124.88	10	19	0x00a3	13	14	172	74	H8500
10	55	64.8	118.8	10	18	0x00a3	7	8	172	74	H8500
10	56	64.8	112.63	10	17	0x00a3	5	6	172	74	H8500
10	57	58.63	155.37	9	24	0x00a3	29	30	172	74	H8500
10	58	58.63	149.2	9	23	0x00a3	31	32	172	74	H8500
10	59	58.63	143.12	9	22	0x00a3	21	22	172	74	H8500
10	60	58.63	137.04	9	21	0x00a3	23	24	172	74	H8500
10	61	58.63	130.96	9	20	0x00a3	15	16	172	74	H8500
10	62	58.63	124.88	9	19	0x00a3	11	12	172	74	H8500
10	63	58.63	118.8	9	18	0x00a3	3	4	172	74	H8500
10	64	58.63	112.63	9	17	0x00a3	1	2	172	74	H8500
11	1	101.37	101.37	16	16	0x00b0	1	2	143	72	H8500
11	2	101.37	95.2	16	15	0x00b0	3	4	143	72	H8500
11	3	101.37	89.12	16	14	0x00b0	9	10	143	72	H8500
11	4	101.37	83.04	16	13	0x00b0	11	12	143	72	H8500
11	5	101.37	76.96	16	12	0x00b0	21	22	143	72	H8500
11	6	101.37	70.88	16	11	0x00b0	19	20	143	72	H8500
11	7	101.37	64.8	16	10	0x00b0	31	32	143	72	H8500
11	8	101.37	58.63	16	9	0x00b0	29	30	143	72	H8500
11	9	95.2	101.37	15	16	0x00b0	5	6	143	72	H8500
11	10	95.2	95.2	15	15	0x00b0	7	8	143	72	H8500
11	11	95.2	89.12	15	14	0x00b0	13	14	143	72	H8500
11	12	95.2	83.04	15	13	0x00b0	15	16	143	72	H8500
11	13	95.2	76.96	15	12	0x00b0	23	24	143	72	H8500
11	14	95.2	70.88	15	11	0x00b0	17	18	143	72	H8500
11	15	95.2	64.8	15	10	0x00b0	27	28	143	72	H8500
11	16	95.2	58.63	15	9	0x00b0	25	26	143	72	H8500
11	17	89.12	101.37	14	16	0x00b1	27	28	123	72	H8500
11	18	89.12	95.2	14	15	0x00b1	31	32	123	72	H8500
11	19	89.12	89.12	14	14	0x00b1	17	18	123	72	H8500
11	20	89.12	83.04	14	13	0x00b1	19	20	123	72	H8500
11	21	89.12	76.96	14	12	0x00b1	15	16	123	72	H8500
11	22	89.12	70.88	14	11	0x00b1	11	12	123	72	H8500
11	23	89.12	64.8	14	10	0x00b1	7	8	123	72	H8500
11	24	89.12	58.63	14	9	0x00b1	3	4	123	72	H8500
11	25	83.04	101.37	13	16	0x00b1	29	30	123	72	H8500
11	26	83.04	95.2	13	15	0x00b1	25	26	123	72	H8500
11	27	83.04	89.12	13	14	0x00b1	21	22	123	72	H8500
11	28	83.04	83.04	13	13	0x00b1	23	24	123	72	H8500
11	29	83.04	76.96	13	12	0x00b1	13	14	123	72	H8500
11	30	83.04	70.88	13	11	0x00b1	9	10	123	72	H8500
11	31	83.04	64.8	13	10	0x00b1	1	2	123	72	H8500
11	32	83.04	58.63	13	9	0x00b1	5	6	123	72	H8500
11	33	76.96	101.37	12	16	0x00b2	7	8	126	72	H8500
11	34	76.96	95.2	12	15	0x00b2	5	6	126	72	H8500
11	35	76.96	89.12	12	14	0x00b2	15	16	126	72	H8500
11	36	76.96	83.04	12	13	0x00b2	13	14	126	72	H8500
11	37	76.96	76.96	12	12	0x00b2	17	18	126	72	H8500
11	38	76.96	70.88	12	11	0x00b2	21	22	126	72	H8500
11	39	76.96	64.8	12	10	0x00b2	25	26	126	72	H8500
11	40	76.96	58.63	12	9	0x00b2	29	30	126	72	H8500
11	41	70.88	101.37	11	16	0x00b2	1	2	126	72	H8500
11	42	70.88	95.2	11	15	0x00b2	3	4	126	72	H8500
11	43	70.88	89.12	11	14	0x00b2	9	10	126	72	H8500
11	44	70.88	83.04	11	13	0x00b2	11	12	126	72	H8500
11	45	70.88	76.96	11	12	0x00b2	19	20	126	72	H8500
11	46	70.88	70.88	11	11	0x00b2	23	24	126	72	H8500
11	47	70.88	64.8	11	10	0x00b2	27	28	126	72	H8500
11	48	70.88	58.63	11	9	0x00b2	31	32	126	72	H8500
11	49	64.8	101.37	10	16	0x00b3	27	28	125	72	H8500
11	50	64.8	95.2	10	15	0x00b3	25	26	125	72	H8500
11	51	64.8	89.12	10	14	0x00b3	17	18	125	72	H8500
11	52	64.8	83.04	10	13	0x00b3	19	20	125	72	H8500
11	53	64.8	76.96	10	12	0x00b3	9	10	125	72	H8500
11	54	64.8	70.88	10	11	0x00b3	13	14	125	72	H8500
11	55	64.8	64.8	10	10	0x00b3	7	8	125	72	H8500
11	56	64.8	58.63	10	9	0x00b3	5	6	125	72	H8500
11	57	58.63	101.37	9	16	0x00b3	29	30	125	72	H8500
11	58	58.63	95.2	9	15	0x00b3	31	32	125	72	H8500
11	59	58.63	89.12	9	14	0x00b3	21	22	125	72	H8500
11	60	58.63	83.04	9	13	0x00b3	23	24	125	72	H8500
11	61	58.63	76.96	9	12	0x00b3	15	16	125	72	H8500
11	62	58.63	70.88	9	11	0x00b3	11	12	125	72	H8500
11	63	58.63	64.8	9	10	0x00b3	3	4	125	72	H8500
11	64	58.63	58.63	9	9	0x00b3	1	2	125	72	H8500
12	1	101.37	47.37	16	8	0x00c0	1	2	165	47	H8500
12	2	101.37	41.2	16	7	0x00c0	3	4	165	47	H8500
12	3	101.37	35.12	16	6	0x00c0	9	10	165	47	H8500
12	4	101.37	29.04	16	5	0x00c0	11	12	165	47	H8500
12	5	101.37	22.96	16	4	0x00c0	21	22	165	47	H8500
12	6	101.37	16.88	16	3	0x00c0	19	20	165	47	H8500
12	7	101.37	10.8	16	2	0x00c0	31	32	165	47	H8500
12	8	101.37	4.63	16	1	0x00c0	29	30	165	47	H8500
12	9	95.2	47.37	15	8	0x00c0	5	6	165	47	H8500
12	10	95.2	41.2	15	7	0x00c0	7	8	165	47	H8500
12	11	95.2	35.12	15	6	0x00c0	13	14	165	47	H8500
12	12	95.2	29.04	15	5	0x00c0	15	16	165	47	H8500
12	13	95.2	22.96	15	4	0x00c0	23	24	165	47	H8500
12	14	95.2	16.88	15	3	0x00c0	17	18	165	47	H8500
12	15	95.2	10.8	15	2	0x00c0	27	28	165	47	H8500
12	16	95.2	4.63	15	1	0x00c0	25	26	165	47	H8500
12	17	89.12	47.37	14	8	0x00c1	27	28	111	47	H8500
12	18	89.12	41.2	14	7	0x00c1	31	32	111	47	H8500
12	19	89.12	35.12	14	6	0x00c1	17	18	111	47	H8500
12	20	89.12	29.04	14	5	0x00c1	19	20	111	47	H8500
12	21	89.12	22.96	14	4	0x00c1	15	16	111	47	H8500
12	22	89.12	16.88	14	3	0x00c1	11	12	111	47	H8500
12	23	89.12	10.8	14	2	0x00c1	7	8	111	47	H8500
12	24	89.12	4.63	14	1	0x00c1	3	4	111	47	H8500
12	25	83.04	47.37	13	8	0x00c1	29	30	111	47	H8500
12	26	83.04	41.2	13	7	0x00c1	25	26	111	47	H8500
12	27	83.04	35.12	13	6	0x00c1	21	22	111	47	H8500
12	28	83.04	29.04	13	5	0x00c1	23	24	111	47	H8500
12	29	83.04	22.96	13	4	0x00c1	13	14	111	47	H8500
12	30	83.04	16.88	13	3	0x00c1	9	10	111	47	H8500
12	31	83.04	10.8	13	2	0x00c1	1	2	111	47	H8500
12	32	83.04	4.63	13	1	0x00c1	5	6	111	47	H8500
12	33	76.96	47.37	12	8	0x00c2	7	8	163	47	H8500
12	34	76.96	41.2	12	7	0x00c2	5	6	163	47	H8500
12	35	76.96	35.12	12	6	0x00c2	15	16	163	47	H8500
12	36	76.96	29.04	12	5	0x00c2	13	14	163	47	H8500
12	37	76.96	22.96	12	4	0x00c2	17	18	163	47	H8500
12	38	76.96	16.88	12	3	0x00c2	21	22	163	47	H8500
12	39	76.96	10.8	12	2	0x00c2	25	26	163	47	H8500
12	40	76.96	4.63	12	1	0x00c2	29	30	163	47	H8500
12	41	70.88	47.37	11	8	0x00c2	1	2	163	47	H8500
12	42	70.88	41.2	11	7	0x00c2	3	4	163	47	H8500
12	43	70.88	35.12	11	6	0x00c2	9	10	163	47	H8500
12	44	70.88	29.04	11	5	0x00c2	11	12	163	47	H8500
12	45	70.88	22.96	11	4	0x00c2	19	20	163	47	H8500
12	46	70.88	16.88	11	3	0x00c2	23	24	163	47	H8500
12	47	70.88	10.8	11	2	0x00c2	27	28	163	47	H8500
12	48	70.88	4.63	11	1	0x00c2	31	32	163	47	H8500
12	49	64.8	47.37	10	8	0x00c3	27	28	164	47	H8500
12	50	64.8	41.2	10	7	0x00c3	25	26	164	47	H8500
12	51	64.8	35.12	10	6	0x00c3	17	18	164	47	H8500
12	52	64.8	29.04	10	5	0x00c3	19	20	164	47	H8500
12	53	64.8	22.96	10	4	0x00c3	9	10	164	47	H8500
12	54	64.8	16.88	10	3	0x00c3	13	14	164	47	H8500
12	55	64.8	10.8	10	2	0x00c3	7	8	164	47	H8500
12	56	64.8	4.63	10	1	0x00c3	5	6	164	47	H8500
12	57	58.63	47.37	9	8	0x00c3	29	30	164	47	H8500
12	58	58.63	41.2	9	7	0x00c3	31	32	164	47	H8500
12	59	58.63	35.12	9	6	0x00c3	21	22	164	47	H8500
12	60	58.63	29.04	9	5	0x00c3	23	24	164	47	H8500
12	61	58.63	22.96	9	4	0x00c3	15	16	164	47	H8500
12	62	58.63	16.88	9	3	0x00c3	11	12	164	47	H8500
12	63	58.63	10.8	9	2	0x00c3	3	4	164	47	H8500
12	64	58.63	4.63	9	1	0x00c3	1	2	164	47	H8500
13	1	47.37	209.37	8	32	0x00d0	1	2	153	59	H8500
13	2	47.37	203.2	8	31	0x00d0	3	4	153	59	H8500
13	3	47.37	197.12	8	30	0x00d0	9	10	153	59	H8500
13	4	47.37	191.04	8	29	0x00d0	11	12	153	59	H8500
13	5	47.37	184.96	8	28	0x00d0	21	22	153	59	H8500
13	6	47.37	178.88	8	27	0x00d0	19	20	153	59	H8500
13	7	47.37	172.8	8	26	0x00d0	31	32	153	59	H8500
13	8	47.37	166.63	8	25	0x00d0	29	30	153	59	H8500
13	9	41.2	209.37	7	32	0x00d0	5	6	153	59	H8500
13	10	41.2	203.2	7	31	0x00d0	7	8	153	59	H8500
13	11	41.2	197.12	7	30	0x00d0	13	14	153	59	H8500
13	12	41.2	191.04	7	29	0x00d0	15	16	153	59	H8500
13	13	41.2	184.96	7	28	0x00d0	23	24	153	59	H8500
13	14	41.2	178.88	7	27	0x00d0	17	18	153	59	H8500
13	15	41.2	172.8	7	26	0x00d0	27	28	153	59	H8500
13	16	41.2	166.63	7	25	0x00d0	25	26	153	59	H8500
13	17	35.12	209.37	6	32	0x00d1	27	28	154	59	H8500
13	18	35.12	203.2	6	31	0x00d1	31	32	154	59	H8500
13	19	35.12	197.12	6	30	0x00d1	17	18	154	59	H8500
13	20	35.12	191.04	6	29	0x00d1	19	20	154	59	H8500
13	21	35.12	184.96	6	28	0x00d1	15	16	154	59	H8500
13	22	35.12	178.88	6	27	0x00d1	11	12	154	59	H8500
13	23	35.12	172.8	6	26	0x00d1	7	8	154	59	H8500
13	24	35.12	166.63	6	25	0x00d1	3	4	154	59	H8500
13	25	29.04	209.37	5	32	0x00d1	29	30	154	59	H8500
13	26	29.04	203.2	5	31	0x00d1	25	26	154	59	H8500
13	27	29.04	197.12	5	30	0x00d1	21	22	154	59	H8500
13	28	29.04	191.04	5	29	0x00d1	23	24	154	59	H8500
13	29	29.04	184.96	5	28	0x00d1	13	14	154	59	H8500
13	30	29.04	178.88	5	27	0x00d1	9	10	154	59	H8500
13	31	29.04	172.8	5	26	0x00d1	1	2	154	59	H8500
13	32	29.04	166.63	5	25	0x00d1	5	6	154	59	H8500
13	33	22.96	209.37	4	32	0x00d2	7	8	182	59	H8500
13	34	22.96	203.2	4	31	0x00d2	5	6	182	59	H8500
13	35	22.96	197.12	4	30	0x00d2	15	16	182	59	H8500
13	36	22.96	191.04	4	29	0x00d2	13	14	182	59	H8500
13	37	22.96	184.96	4	28	0x00d2	17	18	182	59	H8500
13	38	22.96	178.88	4	27	0x00d2	21	22	182	59	H8500
13	39	22.96	172.8	4	26	0x00d2	25	26	182	59	H8500
13	40	22.96	166.63	4	25	0x00d2	29	30	182	59	H8500
13	41	16.88	209.37	3	32	0x00d2	1	2	182	59	H8500
13	42	16.88	203.2	3	31	0x00d2	3	4	182	59	H8500
13	43	16.88	197.12	3	30	0x00d2	9	10	182	59	H8500
13	44	16.88	191.04	3	29	0x00d2	11	12	182	59	H8500
13	45	16.88	184.96	3	28	0x00d2	19	20	182	59	H8500
13	46	16.88	178.88	3	27	0x00d2	23	24	182	59	H8500
13	47	16.88	172.8	3	26	0x00d2	27	28	182	59	H8500
13	48	16.88	166.63	3	25	0x00d2	31	32	182	59	H8500
13	49	10.8	209.37	2	32	0x00d3	27	28	176	59	H8500
13	50	10.8	203.2	2	31	0x00d3	25	26	176	59	H8500
13	51	10.8	197.12	2	30	0x00d3	17	18	176	59	H8500
13	52	10.8	191.04	2	29	0x00d3	19	20	176	59	H8500
13	53	10.8	184.96	2	28	0x00d3	9	10	176	59	H8500
13	54	10.8	178.88	2	27	0x00d3	13	14	176	59	H8500
13	55	10.8	172.8	2	26	0x00d3	7	8	176	59	H8500
13	56	10.8	166.63	2	25	0x00d3	5	6	176	59	H8500
13	57	4.63	209.37	1	32	0x00d3	29	30	176	59	H8500
13	58	4.63	203.2	1	31	0x00d3	31	32	176	59	H8500
13	59	4.63	197.12	1	30	0x00d3	21	22	176	59	H8500
13	60	4.63	191.04	1	29	0x00d3	23	24	176	59	H8500
13	61	4.63	184.96	1	28	0x00d3	15	16	176	59	H8500
13	62	4.63	178.88	1	27	0x00d3	11	12	176	59	H8500
13	63	4.63	172.8	1	26	0x00d3	3	4	176	59	H8500
13	64	4.63	166.63	1	25	0x00d3	1	2	176	59	H8500
14	1	47.37	155.37	8	24	0x00e0	1	2	129	84	H8500
14	2	47.37	149.2	8	23	0x00e0	3	4	129	84	H8500
14	3	47.37	143.12	8	22	0x00e0	9	10	129	84	H8500
14	4	47.37	137.04	8	21	0x00e0	11	12	129	84	H8500
14	5	47.37	130.96	8	20	0x00e0	21	22	129	84	H8500
14	6	47.37	124.88	8	19	0x00e0	19	20	129	84	H8500
14	7	47.37	118.8	8	18	0x00e0	31	32	129	84	H8500
14	8	47.37	112.63	8	17	0x00e0	29	30	129	84	H8500
14	9	41.2	155.37	7	24	0x00e0	5	6	129	84	H8500
14	10	41.2	149.2	7	23	0x00e0	7	8	129	84	H8500
14	11	41.2	143.12	7	22	0x00e0	13	14	129	84	H8500
14	12	41.2	137.04	7	21	0x00e0	15	16	129	84	H8500
14	13	41.2	130.96	7	20	0x00e0	23	24	129	84	H8500
14	14	41.2	124.88	7	19	0x00e0	17	18	129	84	H8500
14	15	41.2	118.8	7	18	0x00e0	27	28	129	84	H8500
14	16	41.2	112.63	7	17	0x00e0	25	26	129	84	H8500
14	17	35.12	155.37	6	24	0x00e1	27	28	130	84	H8500
14	18	35.12	149.2	6	23	0x00e1	31	32	130	84	H8500
14	19	35.12	143.12	6	22	0x00e1	17	18	130	84	H8500
14	20	35.12	137.04	6	21	0x00e1	19	20	130	84	H8500
14	21	35.12	130.96	6	20	0x00e1	15	16	130	84	H8500
14	22	35.12	124.88	6	19	0x00e1	11	12	130	84	H8500
14	23	35.12	118.8	6	18	0x00e1	7	8	130	84	H8500
14	24	35.12	112.63	6	17	0x00e1	3	4	130	84	H8500
14	25	29.04	155.37	5	24	0x00e1	29	30	130	84	H8500
14	26	29.04	149.2	5	23	0x00e1	25	26	130	84	H8500
14	27	29.04	143.12	5	22	0x00e1	21	22	130	84	H8500
14	28	29.04	137.04	5	21	0x00e1	23	24	130	84	H8500
14	29	29.04	130.96	5	20	0x00e1	13	14	130	84	H8500
14	30	29.04	124.88	5	19	0x00e1	9	10	130	84	H8500
14	31	29.04	118.8	5	18	0x00e1	1	2	130	84	H8500
14	32	29.04	112.63	5	17	0x00e1	5	6	130	84	H8500
14	33	22.96	155.37	4	24	0x00e2	7	8	131	84	H8500
14	34	22.96	149.2	4	23	0x00e2	5	6	131	84	H8500
14	35	22.96	143.12	4	22	0x00e2	15	16	131	84	H8500
14	36	22.96	137.04	4	21	0x00e2	13	14	131	84	H8500
14	37	22.96	130.96	4	20	0x00e2	17	18	131	84	H8500
14	38	22.96	124.88	4	19	0x00e2	21	22	131	84	H8500
14	39	22.96	118.8	4	18	0x00e2	25	26	131	84	H8500
14	40	22.96	112.63	4	17	0x00e2	29	30	131	84	H8500
14	41	16.88	155.37	3	24	0x00e2	1	2	131	84	H8500
14	42	16.88	149.2	3	23	0x00e2	3	4	131	84	H8500
14	43	16.88	143.12	3	22	0x00e2	9	10	131	84	H8500
14	44	16.88	137.04	3	21	0x00e2	11	12	131	84	H8500
14	45	16.88	130.96	3	20	0x00e2	19	20	131	84	H8500
14	46	16.88	124.88	3	19	0x00e2	23	24	131	84	H8500
14	47	16.88	118.8	3	18	0x00e2	27	28	131	84	H8500
14	48	16.88	112.63	3	17	0x00e2	31	32	131	84	H8500
14	49	10.8	155.37	2	24	0x00e3	27	28	132	84	H8500
14	50	10.8	149.2	2	23	0x00e3	25	26	132	84	H8500
14	51	10.8	143.12	2	22	0x00e3	17	18	132	84	H8500
14	52	10.8	137.04	2	21	0x00e3	19	20	132	84	H8500
14	53	10.8	130.96	2	20	0x00e3	9	10	132	84	H8500
14	54	10.8	124.88	2	19	0x00e3	13	14	132	84	H8500
14	55	10.8	118.8	2	18	0x00e3	7	8	132	84	H8500
14	56	10.8	112.63	2	17	0x00e3	5	6	132	84	H8500
14	57	4.63	155.37	1	24	0x00e3	29	30	132	84	H8500
14	58	4.63	149.2	1	23	0x00e3	31	32	132	84	H8500
14	59	4.63	143.12	1	22	0x00e3	21	22	132	84	H8500
14	60	4.63	137.04	1	21	0x00e3	23	24	132	84	H8500
14	61	4.63	130.96	1	20	0x00e3	15	16	132	84	H8500
14	62	4.63	124.88	1	19	0x00e3	11	12	132	84	H8500
14	63	4.63	118.8	1	18	0x00e3	3	4	132	84	H8500
14	64	4.63	112.63	1	17	0x00e3	1	2	132	84	H8500
15	1	47.37	101.37	8	16	0x00f0	1	2	105	97	H8500
15	2	47.37	95.2	8	15	0x00f0	3	4	105	97	H8500
15	3	47.37	89.12	8	14	0x00f0	9	10	105	97	H8500
15	4	47.37	83.04	8	13	0x00f0	11	12	105	97	H8500
15	5	47.37	76.96	8	12	0x00f0	21	22	105	97	H8500
15	6	47.37	70.88	8	11	0x00f0	19	20	105	97	H8500
15	7	47.37	64.8	8	10	0x00f0	31	32	105	97	H8500
15	8	47.37	58.63	8	9	0x00f0	29	30	105	97	H8500
15	9	41.2	101.37	7	16	0x00f0	5	6	105	97	H8500
15	10	41.2	95.2	7	15	0x00f0	7	8	105	97	H8500
15	11	41.2	89.12	7	14	0x00f0	13	14	105	97	H8500
15	12	41.2	83.04	7	13	0x00f0	15	16	105	97	H8500
15	13	41.2	76.96	7	12	0x00f0	23	24	105	97	H8500
15	14	41.2	70.88	7	11	0x00f0	17	18	105	97	H8500
15	15	41.2	64.8	7	10	0x00f0	27	28	105	97	H8500
15	16	41.2	58.63	7	9	0x00f0	25	26	105	97	H8500
15	17	35.12	101.37	6	16	0x00f1	27	28	104	97	H8500
15	18	35.12	95.2	6	15	0x00f1	31	32	104	97	H8500
15	19	35.12	89.12	6	14	0x00f1	17	18	104	97	H8500
15	20	35.12	83.04	6	13	0x00f1	19	20	104	97	H8500
15	21	35.12	76.96	6	12	0x00f1	15	16	104	97	H8500
15	22	35.12	70.88	6	11	0x00f1	11	12	104	97	H8500
15	23	35.12	64.8	6	10	0x00f1	7	8	104	97	H8500
15	24	35.12	58.63	6	9	0x00f1	3	4	104	97	H8500
15	25	29.04	101.37	5	16	0x00f1	29	30	104	97	H8500
15	26	29.04	95.2	5	15	0x00f1	25	26	104	97	H8500
15	27	29.04	89.12	5	14	0x00f1	21	22	104	97	H8500
15	28	29.04	83.04	5	13	0x00f1	23	24	104	97	H8500
15	29	29.04	76.96	5	12	0x00f1	13	14	104	97	H8500
15	30	29.04	70.88	5	11	0x00f1	9	10	104	97	H8500
15	31	29.04	64.8	5	10	0x00f1	1	2	104	97	H8500
15	32	29.04	58.63	5	9	0x00f1	5	6	104	97	H8500
15	33	22.96	101.37	4	16	0x00f2	7	8	109	97	H8500
15	34	22.96	95.2	4	15	0x00f2	5	6	109	97	H8500
15	35	22.96	89.12	4	14	0x00f2	15	16	109	97	H8500
15	36	22.96	83.04	4	13	0x00f2	13	14	109	97	H8500
15	37	22.96	76.96	4	12	0x00f2	17	18	109	97	H8500
15	38	22.96	70.88	4	11	0x00f2	21	22	109	97	H8500
15	39	22.96	64.8	4	10	0x00f2	25	26	109	97	H8500
15	40	22.96	58.63	4	9	0x00f2	29	30	109	97	H8500
15	41	16.88	101.37	3	16	0x00f2	1	2	109	97	H8500
15	42	16.88	95.2	3	15	0x00f2	3	4	109	97	H8500
15	43	16.88	89.12	3	14	0x00f2	9	10	109	97	H8500
15	44	16.88	83.04	3	13	0x00f2	11	12	109	97	H8500
15	45	16.88	76.96	3	12	0x00f2	19	20	109	97	H8500
15	46	16.88	70.88	3	11	0x00f2	23	24	109	97	H8500
15	47	16.88	64.8	3	10	0x00f2	27	28	109	97	H8500
15	48	16.88	58.63	3	9	0x00f2	31	32	109	97	H8500
15	49	10.8	101.37	2	16	0x00f3	27	28	137	97	H8500
15	50	10.8	95.2	2	15	0x00f3	25	26	137	97	H8500
15	51	10.8	89.12	2	14	0x00f3	17	18	137	97	H8500
15	52	10.8	83.04	2	13	0x00f3	19	20	137	97	H8500
15	53	10.8	76.96	2	12	0x00f3	9	10	137	97	H8500
15	54	10.8	70.88	2	11	0x00f3	13	14	137	97	H8500
15	55	10.8	64.8	2	10	0x00f3	7	8	137	97	H8500
15	56	10.8	58.63	2	9	0x00f3	5	6	137	97	H8500
15	57	4.63	101.37	1	16	0x00f3	29	30	137	97	H8500
15	58	4.63	95.2	1	15	0x00f3	31	32	137	97	H8500
15	59	4.63	89.12	1	14	0x00f3	21	22	137	97	H8500
15	60	4.63	83.04	1	13	0x00f3	23	24	137	97	H8500
15	61	4.63	76.96	1	12	0x00f3	15	16	137	97	H8500
15	62	4.63	70.88	1	11	0x00f3	11	12	137	97	H8500
15	63	4.63	64.8	1	10	0x00f3	3	4	137	97	H8500
15	64	4.63	58.63	1	9	0x00f3	1	2	137	97	H8500
16	1	47.37	47.37	8	8	0x0100	1	2	145	29	H8500
16	2	47.37	41.2	8	7	0x0100	3	4	145	29	H8500
16	3	47.37	35.12	8	6	0x0100	9	10	145	29	H8500
16	4	47.37	29.04	8	5	0x0100	11	12	145	29	H8500
16	5	47.37	22.96	8	4	0x0100	21	22	145	29	H8500
16	6	47.37	16.88	8	3	0x0100	19	20	145	29	H8500
16	7	47.37	10.8	8	2	0x0100	31	32	145	29	H8500
16	8	47.37	4.63	8	1	0x0100	29	30	145	29	H8500
16	9	41.2	47.37	7	8	0x0100	5	6	145	29	H8500
16	10	41.2	41.2	7	7	0x0100	7	8	145	29	H8500
16	11	41.2	35.12	7	6	0x0100	13	14	145	29	H8500
16	12	41.2	29.04	7	5	0x0100	15	16	145	29	H8500
16	13	41.2	22.96	7	4	0x0100	23	24	145	29	H8500
16	14	41.2	16.88	7	3	0x0100	17	18	145	29	H8500
16	15	41.2	10.8	7	2	0x0100	27	28	145	29	H8500
16	16	41.2	4.63	7	1	0x0100	25	26	145	29	H8500
16	17	35.12	47.37	6	8	0x0101	27	28	155	29	H8500
16	18	35.12	41.2	6	7	0x0101	31	32	155	29	H8500
16	19	35.12	35.12	6	6	0x0101	17	18	155	29	H8500
16	20	35.12	29.04	6	5	0x0101	19	20	155	29	H8500
16	21	35.12	22.96	6	4	0x0101	15	16	155	29	H8500
16	22	35.12	16.88	6	3	0x0101	11	12	155	29	H8500
16	23	35.12	10.8	6	2	0x0101	7	8	155	29	H8500
16	24	35.12	4.63	6	1	0x0101	3	4	155	29	H8500
16	25	29.04	47.37	5	8	0x0101	29	30	155	29	H8500
16	26	29.04	41.2	5	7	0x0101	25	26	155	29	H8500
16	27	29.04	35.12	5	6	0x0101	21	22	155	29	H8500
16	28	29.04	29.04	5	5	0x0101	23	24	155	29	H8500
16	29	29.04	22.96	5	4	0x0101	13	14	155	29	H8500
16	30	29.04	16.88	5	3	0x0101	9	10	155	29	H8500
16	31	29.04	10.8	5	2	0x0101	1	2	155	29	H8500
16	32	29.04	4.63	5	1	0x0101	5	6	155	29	H8500
16	33	22.96	47.37	4	8	0x0103	7	8	16	29	H8500
16	34	22.96	41.2	4	7	0x0103	5	6	16	29	H8500
16	35	22.96	35.12	4	6	0x0103	15	16	16	29	H8500
16	36	22.96	29.04	4	5	0x0103	13	14	16	29	H8500
16	37	22.96	22.96	4	4	0x0103	17	18	16	29	H8500
16	38	22.96	16.88	4	3	0x0103	21	22	16	29	H8500
16	39	22.96	10.8	4	2	0x0103	25	26	16	29	H8500
16	40	22.96	4.63	4	1	0x0103	29	30	16	29	H8500
16	41	16.88	47.37	3	8	0x0103	1	2	16	29	H8500
16	42	16.88	41.2	3	7	0x0103	3	4	16	29	H8500
16	43	16.88	35.12	3	6	0x0103	9	10	16	29	H8500
16	44	16.88	29.04	3	5	0x0103	11	12	16	29	H8500
16	45	16.88	22.96	3	4	0x0103	19	20	16	29	H8500
16	46	16.88	16.88	3	3	0x0103	23	24	16	29	H8500
16	47	16.88	10.8	3	2	0x0103	27	28	16	29	H8500
16	48	16.88	4.63	3	1	0x0103	31	32	16	29	H8500
16	49	10.8	47.37	2	8	0x0102	27	28	200	29	H8500
16	50	10.8	41.2	2	7	0x0102	25	26	200	29	H8500
16	51	10.8	35.12	2	6	0x0102	17	18	200	29	H8500
16	52	10.8	29.04	2	5	0x0102	19	20	200	29	H8500
16	53	10.8	22.96	2	4	0x0102	9	10	200	29	H8500
16	54	10.8	16.88	2	3	0x0102	13	14	200	29	H8500
16	55	10.8	10.8	2	2	0x0102	7	8	200	29	H8500
16	56	10.8	4.63	2	1	0x0102	5	6	200	29	H8500
16	57	4.63	47.37	1	8	0x0102	29	30	200	29	H8500
16	58	4.63	41.2	1	7	0x0102	31	32	200	29	H8500
16	59	4.63	35.12	1	6	0x0102	21	22	200	29	H8500
16	60	4.63	29.04	1	5	0x0102	23	24	200	29	H8500
16	61	4.63	22.96	1	4	0x0102	15	16	200	29	H8500
16	62	4.63	16.88	1	3	0x0102	11	12	200	29	H8500
16	63	4.63	10.8	1	2	0x0102	3	4	200	29	H8500
16	64	4.63	4.63	1	1	0x0102	1	2	200	29	H8500
