1.000E-02	1.690E+01	
1.500E-02	1.252E+01	
2.000E-02	1.011E+01	
2.500E-02	8.564E+00	
3.000E-02	7.487E+00	
3.500E-02	6.690E+00	
4.000E-02	6.075E+00	
4.500E-02	5.584E+00	
5.000E-02	5.183E+00	
6.000E-02	4.568E+00	
7.000E-02	4.116E+00	
8.000E-02	3.769E+00	
9.000E-02	3.496E+00	
1.000E-01	3.274E+00	
1.500E-01	2.592E+00	
2.000E-01	2.245E+00	
2.500E-01	2.038E+00	
3.000E-01	1.903E+00	
3.500E-01	1.809E+00	
4.000E-01	1.741E+00	
4.500E-01	1.690E+00	
5.000E-01	1.652E+00	
6.000E-01	1.600E+00	
7.000E-01	1.568E+00	
8.000E-01	1.549E+00	
9.000E-01	1.537E+00	
1.000E+00	1.531E+00	
1.500E+00	1.538E+00	
2.000E+00	1.567E+00	
2.500E+00	1.600E+00	
3.000E+00	1.634E+00	
3.500E+00	1.667E+00	
4.000E+00	1.699E+00	
4.500E+00	1.729E+00	
5.000E+00	1.758E+00	
6.000E+00	1.813E+00	
7.000E+00	1.865E+00	
8.000E+00	1.916E+00	
9.000E+00	1.965E+00	
1.000E+01	2.013E+00	
1.500E+01	2.245E+00	
2.000E+01	2.472E+00	
2.500E+01	2.695E+00	
3.000E+01	2.917E+00	
3.500E+01	3.139E+00	
4.000E+01	3.360E+00	
4.500E+01	3.581E+00	
5.000E+01	3.802E+00	
6.000E+01	4.244E+00	
7.000E+01	4.686E+00	
8.000E+01	5.129E+00	
9.000E+01	5.573E+00	
1.000E+02	6.017E+00	
1.500E+02	8.246E+00	
2.000E+02	1.049E+01	
2.500E+02	1.273E+01	
3.000E+02	1.498E+01	
3.500E+02	1.724E+01	
4.000E+02	1.950E+01	
4.500E+02	2.176E+01	
5.000E+02	2.402E+01	
6.000E+02	2.854E+01	
7.000E+02	3.308E+01	
8.000E+02	3.761E+01	
9.000E+02	4.215E+01	
1.000E+03	4.669E+01	
1.500E+03	6.941E+01
2.000E+03	9.216E+01
2.500E+03	1.149E+02
3.000E+03	1.377E+02
3.500E+03	1.605E+02
4.000E+03	1.832E+02
4.500E+03	2.060E+02
5.000E+03	2.288E+02	
6.000E+03	2.744E+02	
7.000E+03	3.199E+02	
8.000E+03	3.655E+02	
9.000E+03	4.111E+02	
1.000E+04	4.567E+02	
